[zxx@ga87 operand]$ python operand.py 
5 I
[23, 24, 25, 26, 27, 28, 29, 30, 31, 32, 33, 34, 35, 36, 37, 38, 39, 40, 41, 42, 43, 44, 45, 46, 47, 48, 49, 50, 51, 52, 53, 54]
22 R
[2, 3, 4, 5, 6, 7, 8, 9]
530 RRII
[2, 3, 4, 5, 6, 7, 8, 9]
[10, 11, 12, 13, 14, 15, 16, 17]
[23, 24, 25, 26, 27, 28, 29, 30, 31, 32, 33, 34, 35, 36, 37, 38, 39, 40, 41, 42, 43, 44, 45, 46, 47, 48, 49, 50, 51, 52, 53, 54]
[56, 57, 58, 59, 60]
1250 RRIP
[2, 3, 4, 5, 6, 7, 8, 9]
[10, 11, 12, 13, 14, 15, 16, 17]
[41]
[42, 43, 44]
1434 PRRII
[48, 49, 50]
[2, 3, 4, 5, 6, 7, 8, 9]
[10, 11, 12, 13, 14, 15, 16, 17]
[23, 24, 25, 26, 27, 28, 29, 30, 31, 32, 33, 34, 35, 36, 37, 38, 39, 40, 41, 59]
[42, 43, 44, 45, 46, 47]
1452 PRIR
[5, 6, 7]
[10, 11, 12, 13, 14, 15, 16, 17]
[41]
[42, 43, 44, 45, 46, 47, 48, 49]
1500 RI
[2, 3, 4, 5, 6, 7, 8, 9]
[23, 24, 25, 26, 27, 28, 29, 30, 31, 32, 33, 34, 35, 36, 37, 38, 39, 40, 41, 43, 59]
1509 PRI
[5, 6, 7]
[10, 11, 12, 13, 14, 15, 16, 17]
[41]
1513 RII
[2, 3, 4, 5, 6, 7, 8, 9]
[23, 24, 25, 26, 27, 28, 29, 30, 31, 32, 33, 34, 35, 36, 37, 38, 39, 40, 41, 59]
[42, 43, 44, 45]
1880 RRCP
[2, 3, 4, 5, 6, 7, 8, 9]
[10, 11, 12, 13, 14, 15, 16, 17]
[37, 38, 39, 40, 41]
[23, 24, 25, 26, 27, 28, 29, 30, 31, 32, 33, 34, 35, 36]
[42, 43, 44]
1972 PRRCI
[48, 49, 50]
[2, 3, 4, 5, 6, 7, 8, 9]
[10, 11, 12, 13, 14, 15, 16, 17]
[37, 38, 39, 40, 41]
[23, 24, 25, 26, 27, 28, 29, 30, 31, 32, 33, 34, 35, 36]
[42, 43, 44, 45, 46, 47]
1990 PRCR
[5, 6, 7]
[10, 11, 12, 13, 14, 15, 16, 17]
[37, 38, 39, 40, 41]
[23, 24, 25, 26, 27, 28, 29, 30, 31, 32, 33, 34, 35, 36]
[42, 43, 44, 45, 46, 47, 48, 49]
2004 RRCI
[2, 3, 4, 5, 6, 7, 8, 9]
[10, 11, 12, 13, 14, 15, 16, 17]
[37, 38, 39, 40, 41]
[23, 24, 25, 26, 27, 28, 29, 30, 31, 32, 33, 34, 35, 36]
[42, 43, 44, 45, 46]
2016 PRC
[5, 6, 7]
[10, 11, 12, 13, 14, 15, 16, 17]
[37, 38, 39, 40, 41]
[23, 24, 25, 26, 27, 28, 29, 30, 31, 32, 33, 34, 35, 36]
2076 PRRRR
[51, 52, 53]
[2, 3, 4, 5, 6, 7, 8, 9]
[10, 11, 12, 13, 14, 15, 16, 17]
[23, 24, 25, 26, 27, 28, 29, 30]
[42, 43, 44, 45, 46, 47, 48, 49]
2091 RR
[2, 3, 4, 5, 6, 7, 8, 9]
[10, 11, 12, 13, 14, 15, 16, 17]
2109 RPPP
[2, 3, 4, 5, 6, 7, 8, 9]
[14, 15, 16]
[32, 33, 34]
[42, 43, 44]
2110 PPPPP
[5, 6, 7]
[2, 3, 4]
[14, 15, 16]
[32, 33, 34]
[42, 43, 44]
2115 IR
[31, 32, 33, 34]
[23, 24, 25, 26, 27, 28, 29, 30]
2118 RPP
[2, 3, 4, 5, 6, 7, 8, 9]
[48, 49, 50]
[42, 43, 44]
2169 PRRC
[5, 6, 7]
[10, 11, 12, 13, 14, 15, 16, 17]
[42, 43, 44, 45, 46, 47, 48, 49]
[37, 38, 39, 40, 41]
[23, 24, 25, 26, 27, 28, 29, 30, 31, 32, 33, 34, 35, 36]
2334 RRRR
[2, 3, 4, 5, 6, 7, 8, 9]
[10, 11, 12, 13, 14, 15, 16, 17]
[23, 24, 25, 26, 27, 28, 29, 30]
[42, 43, 44, 45, 46, 47, 48, 49]
2408 RRR
[2, 3, 4, 5, 6, 7, 8, 9]
[10, 11, 12, 13, 14, 15, 16, 17]
[23, 24, 25, 26, 27, 28, 29, 30]
